6934177716263
6934177724398
6934177787850
6934177787812
6934177776946
6934177767012
6934177749032
6934177755828
6934177709333
6934177724404
6934177717871
6934177723384
6934177747168
6934177716492
6934177719783
6934177788345
6934177728594
6934177715488
6934177751325
6934177767500
6934177776892
6934177729898
6934177706110
6934177706141
6934177736841
6934177762062
6934177721946
6934177756184
6934177745447
6934177715457
6934177715440
6941059623267
6970244525529
6934177744259
6934177700798
6934177717079
6934177745874
6934177780653
6934177707568
6934177717222
6934177775376
6934177775345
6934177794292
6941812703410
6934177715365
6971408154357
6941812708293
6934177799921
6934177780554
6941812701614
6934177786112
6941812704325
6934177784286
6941812721124
6934177785320
6934177768415
6934177787072
6971408157044
6934177786884
6934177771682
6934177778285
6934177796296
6941812704226
6941812730355
6941812730478
6934177716423
6941812726792
6934177746383
6934177798177
6971408157341
6941812729311
6941812729304
6934177751158
6934177794469
6941812724774
6941812724750
6934177777752
6941812768112
6941812768174
6941812768150
6941812768198
6941812768129
6941812768143
6941948701199
6941812756201
6934177778254
6941812746165
6941812746110
6941812744369
6941812744338
6941812752067
6941812748343
6970103582250
6941812720974
6941812717967
6941948702448
6941948702431
6941812795392
6941812776865
6941812781548
6941812765371
6941812768556
6941812712054
6941812789131
6941812791929
6941948700093
6941948702400
6941812766392
6941812751985
6941812758410
6941948702028
6941948702349
6941812768600
6941812777527
6941812775714
6941812775745
6941812786932
6973293800241
6975069305028
6941812791530
6941812791967
6941812791936
6941812778852
6941948702318
6941948702394
6941812796764
6941812786604
6941812771327
6941812710463
6941812712153
6941812791585
6941948702097
6941948701403
6941812759516
6941812789100
6941812789407,6941812790724
6941812777572
6941812791547
6941812791554
6941812706251
6970244524928
6970055345255
6934177714696
6934177714702
6970244527462
6934177716942
6924922203155
608887786323
608887786491
6924922204008
608887786590
608887786521
608887786880
608887786699
6934177743672
6934177745430
6924922226727
6974370800987
6974370800000
6974370800710
6931580104045
6931580102553
6955578034558
6955578037535
6955578038037
6974370800413
6941812736722
6941812736739
6941812744307
6934177723179
6941812717998
6941812771921
6941812774571
6941812761908
6941812785133
6941812774960
6931580106049
6973293800807
6973293809190
6973293807905
6931580102362
6931580102379
6973293803440
6973293807301
6975069303956
6973293800166
6975069301174
6941812701607
6941948701908
6924922209577
6924922209553
6924922209539
6924922223542
6924922223542
6974370800925
6941812736579
6941812795910
6941812774519
6941812792858
6941812792841
6941812792827
6941812792995
6941812792988
6941812775790
6941812797594
6941812795903
6941812788387
6974370801304
6941812789407,6941812790724
6941812790533
6941812790434
6941812775004
6941812774984
6941812729229
6941812748244
6941812771334
6941812798256
6941812749081
6941812798423
6924922259671
6941812714393
6955578037719
6941812795262
6975069303413
6941812789704
6941812789698
6941812789681
6941812706312
6932554415389
6941812749029
6941812738498
6941812738870
6941812736555
6941812795293
6941812795958
6941812795941
6941948703001
6941948702202
6941948703384
6941948703391
6941812793008
6941812786901
6941812706961
6941812798089
6941812796726
6941812796429
6941812796436
6941948703667
6941812714638
6941812789353
6941948704152
6941948703742
6924922202141
6975069300597
6975069300818
6941812743577,
6941812777756
6941812765302
6941812799734
6941812704653
6941812704660
6973293802276
6975069302768
6931580101303
6973293802337
6975069303017
6941948703704
6941948702301
6941812777565
6941812736586
6941812768464
6941812768471
6941812768518
6941812780800
6941812780794
6941812777558
6941812787823
6941812787793
6941812787847
6941812767603
6941812737941
6941948702042
6941948702035
6941812796474,
6941948701441
6941812763483
6941812763490
6934177700804
6941812787670
6941812798218
6941948702417
6941812706626
6941948703513
6941812791240
6941812791271
6975069300863
6941812725115
6941812784563
6941812784556
6941812790861
6941812799390
6941812773123
6941812785898
6941812785850
6941812785881
6941812786284
6941812792155
6941812797570
6941812797587
6941812793046
6941812798447
6941812795651
6941812798041
6932554405946
6932554406110
6932554406035
6932554420741
6932554420093
6932554410452
6932554410568
6932554410520
6932554434632
6941812732403
6941812707432
6941812711668
6941812772256
6932554403997
6932554411954
6932554403805
6973293803860
6975069305509
6975069305523
6975069302829
6973293800258
6941812722213
6941812772232
6941812793855
6932554403676
6932554425104
6932554425814
6932554425432
6932554424978
6932554425241
6932554425548
6941948705630
6941948705722
6941948705807
6941948705043
6973293800630
6941812798058
6931580101709
6973293807110
6931580104052
6975069302713
6932554408008
6932554407926
6932554407834
6932554401931
6932554408404
6932554408022
6932554405472
6932554405601
6932554405632
6941812742181
6932554406905
6932554407063
6941812737118
6932554402662
6932554402471
6932554401610
6941812784792
6932554401405
6941812784860
6932554401733
6932554401085
6941812737071
6941812791295
6941812777206
6941812792322
